circle
250 250 0 100
circle
250 250 0 95
circle
250 250 0 90
circle
250 250 0 85
circle
250 250 0 80
circle
250 250 0 75
circle
250 250 0 70
circle
250 250 0 65
circle
250 250 0 60
circle
250 250 0 55
circle
250 250 0 50
circle
250 250 0 45
circle
250 250 0 40
circle
250 250 0 35
circle
250 250 0 30
bezier
0 275 125 125 275 275 500 275
bezier
0 275 130 130 280 280 500 275
bezier
0 275 135 135 285 285 500 275
bezier
0 275 140 140 290 290 500 275
bezier
0 275 125 125 295 295 500 275
bezier
0 275 130 130 300 300 500 275
bezier
0 275 135 135 305 305 500 275
hermite
0 275 140 140 310 310 500 275
hermite
0 275 125 125 315 315 500 275
hermite
0 275 130 130 320 320 500 275
hermite
0 275 135 135 325 325 500 275
hermite
0 275 140 140 350 350 500 275
display
save
try.png
